时间(s),电压(V),幅值(高频80K)
0.0,-2.796771537689695,5905.791309161817
0.004,-2.094207715028941,5895.379597318958
0.008,-2.0454110860753905,5904.5238487086435
0.012,-2.5810233982846738,5902.972781038772
0.016,-2.657118560298512,5904.373676634336
0.02,-2.57818281278891,5901.241481796364
0.024,-1.8442100273972164,5897.12029897323
0.028,-2.2644801915491035,5899.461301436472
0.032,-2.8022158993514763,5899.298730676607
0.036000000000000004,-2.8631425646771937,5907.969884678196
0.04,-2.497414584002895,5896.900992052772
0.044,-1.6030096767685165,5903.406875837674
0.048,-2.3426278071557305,5895.310327322132
0.052000000000000005,-2.967255657495237,5899.339421384203
0.056,-2.9166608921971644,5894.071478740636
0.06,-2.217889825778426,5896.4631057808265
0.064,-2.213686402480621,5905.595549780041
0.068,-1.8549533126667441,5902.766130580791
0.07200000000000001,-3.033664609145017,5894.494452996427
0.076,-3.0754940236087998,5890.842468161554
0.08,-2.588771487460083,5903.175322080615
0.084,-1.8547506778922518,5902.670610190498
0.088,-2.3476405694287026,5898.446204941641
0.092,-2.6486248309890383,5889.371448954371
0.096,-3.6190240434418848,5896.502558091856
0.1,-2.6638751099647378,5889.942180338466
0.10400000000000001,-1.6382114014896985,5900.517595048079
0.108,-2.0985311413397185,5903.176730125511
0.112,-2.8577615595100827,5899.296399280071
0.116,-2.900518983861731,5905.51952605209
0.12,-2.4562896969141237,5894.386313968857
0.124,-2.2386276471921684,5902.549192580203
0.128,-2.477371235608343,5898.049997122901
0.132,-2.758893796377563,5895.169493166422
0.136,-3.0637468706868987,5908.075123829641
0.14,-2.5181113399834802,5904.5441313200845
0.14400000000000002,-2.1369840744662736,5906.663325629102
0.148,-1.7855710571408843,5899.559785749626
0.152,-3.05328923628091,5899.646651338173
0.156,-3.0669049708162284,5895.0342066761295
0.16,-2.660856853484553,5895.594577655243
0.164,-1.6391262937842033,5900.264125571181
0.168,-2.1305192326918894,5906.469715064902
0.17200000000000001,-2.454932877848611,5899.121984330814
0.176,-3.299285877574689,5898.2676631166505
0.18,-2.4206955249645508,5899.519346488132
0.184,-1.9933085271521729,5906.099024102475
0.188,-1.8765927265936018,5891.483073475769
0.192,-2.8493968675717607,5910.139913416532
0.196,-3.103872056461142,5904.012503257773
0.2,-2.5850597962964876,5904.66031460013
0.20400000000000001,-1.9232242633646657,5904.918105905137
0.20800000000000002,-2.2588382535731135,5901.804233622869
0.212,-2.589746787406058,5898.649900668941
0.216,-3.2297406741839105,5898.487278643101
0.22,-2.5148856412486413,5895.493411649513
0.224,-2.115327199671702,5891.626977312416
0.228,-2.0716519381687966,5909.637505637764
0.232,-2.7735631619800394,5899.097423283648
0.23600000000000002,-3.026829086032528,5894.572442194493
0.24,-2.0362915069916436,5897.969061937019
0.244,-1.9991512451077946,5899.577327628011
0.248,-2.559152866434153,5898.470047184211
0.252,-2.8530396899148656,5893.407696855416
0.256,-3.0097822959126583,5897.09455132758
0.26,-2.405358678284637,5905.5466404758145
0.264,-2.2069802154978917,5906.209386309695
0.268,-2.388097512492749,5910.63122194245
0.272,-2.8678389566254054,5895.666105518725
0.276,-3.087847136371321,5899.98620998717
0.28,-2.379744520605064,5895.569675681366
0.28400000000000003,-2.021735924422531,5900.458821707318
0.28800000000000003,-2.178688999050618,5906.777437660581
0.292,-2.7574220468904826,5896.384576201125
0.296,-2.845223956023754,5894.982634899258
0.3,-2.687035441909357,5902.1163919270975
0.304,-1.7183066419136075,5900.944598937418
0.308,-1.8792889433919169,5890.404140350811
0.312,-2.700788719944599,5900.914542999664
0.316,-2.6228593596793126,5898.373737725446
0.32,-2.2066857839545837,5899.209459530109
0.324,-1.876348645810042,5907.176894194897
0.328,-1.9723649946560442,5901.800106241557
0.332,-3.105086280874744,5904.131612482159
0.336,-2.882521545860911,5898.247852417602
0.34,-2.4847238559213762,5892.154448563037
0.34400000000000003,-2.003322903931289,5906.154191514227
0.34800000000000003,-2.3270541828356186,5905.312607030047
0.352,-2.8811417578523724,5896.787292116971
0.356,-3.364070271792855,5898.357047399582
0.36,-2.507442700450536,5901.253434744139
0.364,-2.0416649000021625,5899.105534879199
0.368,-2.274453980842165,5894.5396348740915
0.372,-2.7036263317555074,5900.6336434111445
0.376,-2.9989411849887766,5887.506783044998
0.38,-2.2568378014926957,5892.772330062138
0.384,-1.8838132327154282,5894.447407139484
0.388,-2.212781555712604,5906.5888419194225
0.392,-2.5366063265112313,5904.18323469331
0.396,-2.8172950274400366,5904.223231208327
0.4,-2.794349044958647,5904.754910405565
0.404,-1.6856744100440266,5903.223480805506
0.40800000000000003,-2.28435208326216,5898.085404334059
0.41200000000000003,-2.8451962702260802,5894.10692171461
0.41600000000000004,-2.94618591802109,5910.906716245252
0.42,-2.7183225990069073,5895.227572096963
0.424,-1.9690905485756063,5892.9417108176585
0.428,-2.2137741759333314,5894.967817727896
0.432,-2.9530117906912694,5899.034652649518
0.436,-2.8623264465753127,5897.721433185559
0.44,-2.5412597929360774,5899.30200183305
0.444,-2.015847320139259,5909.892190655696
0.448,-2.2147211786916072,5898.784240981898
0.452,-2.725917786580301,5901.953576538117
0.456,-3.0215806507090703,5902.878604101904
0.46,-2.515903260546821,5903.030536831224
0.464,-2.002555995259105,5902.233500515208
0.468,-2.2910487470522005,5905.352925514284
0.47200000000000003,-2.754555373909316,5896.512753849994
0.47600000000000003,-3.0841086643423186,5907.668218971066
0.48,-2.2974825082469392,5901.524385392742
0.484,-1.7908098815563942,5894.271288286659
0.488,-2.3126485187198047,5896.256123699349
0.492,-2.788411103979833,5896.515527156844
0.496,-3.0647196442285374,5899.026275520154
0.5,-2.3375517592717254,5901.105054213268
0.504,-1.9281406994524608,5892.663865290219
0.508,-2.6509149804261387,5903.261080562445
0.512,-2.8131677929117007,5904.76553933436
0.516,-2.8065133082091607,5902.944009487419
0.52,-2.506137058379801,5893.4435378963135
0.524,-1.9109424860458528,5897.001517937789
0.528,-2.3621581100933264,5899.452868222546
0.532,-2.7129328218291486,5895.348460566472
0.536,-3.286882024864051,5896.424110323122
0.54,-2.6958389903589395,5897.357112528793
0.544,-1.9671755051448472,5903.819217311036
0.548,-2.403797041884305,5902.7239256557505
0.552,-2.8459046515174373,5902.670525021798
0.556,-3.062698879449649,5895.73701932451
0.56,-2.5417529498559244,5895.7209226503555
0.5640000000000001,-1.829286696407042,5893.293367143718
0.5680000000000001,-2.131705807977763,5897.1004133869255
0.5720000000000001,-2.905262182421138,5892.526733121485
0.5760000000000001,-2.8794035132954505,5900.029615726605
0.58,-2.5098841479929583,5893.858256025137
0.584,-1.9427337086519627,5902.80748191347
0.588,-2.107031768411027,5905.478442839098
0.592,-2.5825528889684253,5898.8951777728125
0.596,-3.187749780407874,5901.526358795809
0.6,-2.700243403441753,5896.345282569786
0.604,-2.0146121144417877,5900.280359638995
0.608,-2.017106857124057,5906.029543711059
0.612,-2.788154617000344,5905.147108546454
0.616,-3.1072646014479512,5907.391578895793
0.62,-2.5653257259305304,5903.114218597577
0.624,-1.8475265055728705,5896.497537790214
0.628,-2.213168188241944,5902.959992997825
0.632,-2.7968834043420876,5902.365736931193
0.636,-3.1068830178018345,5896.66373878307
0.64,-2.620386715678148,5901.947308572827
0.644,-2.001800943540089,5903.228322702546
0.648,-2.272708371890589,5904.72709870872
0.652,-2.704388880217129,5892.976304569221
0.656,-2.8377151504547884,5911.008032125736
0.66,-2.3610394300480433,5896.604113688053
0.664,-2.0066586425701183,5897.661669166385
0.668,-2.1557984841377915,5903.23765453414
0.672,-3.092170973666516,5897.29413097791
0.676,-2.9093202260608564,5896.556046005031
0.68,-2.130395032956659,5910.932581841557
0.684,-2.1082410644276033,5897.168287820743
0.6880000000000001,-2.479233066593567,5892.858959524816
0.6920000000000001,-3.1221760570771466,5894.384606057563
0.6960000000000001,-2.6639400236357513,5897.877431108702
0.7000000000000001,-2.5888726758960643,5902.848309802916
0.704,-2.1295412980080264,5912.050924686437
0.708,-1.9773975209109396,5909.142713907245
0.712,-2.9225359641070443,5904.44866294341
0.716,-2.9503740076496996,5899.704535160016
0.72,-2.3545536109653447,5898.958281579605
0.724,-1.9976572942315562,5901.3504917526725
0.728,-2.2185244482697684,5899.84913604435
0.732,-2.2444184409149877,5906.179957656081
0.736,-3.1486074108963726,5894.932066458984
0.74,-2.5218259226498145,5898.573508321953
0.744,-1.738116237953537,5903.375892155119
0.748,-1.9718198428445588,5897.32650565815
0.752,-2.7218736372992294,5902.105732739338
0.756,-3.1278180108558424,5895.339798073648
0.76,-2.6609312933949476,5903.828507802707
0.764,-1.79175174863609,5897.041585756425
0.768,-2.641321757249941,5905.922339588225
0.772,-2.876359550648276,5899.17158676017
0.776,-2.643166009015793,5899.006625722711
0.78,-2.342086872575521,5899.40460134111
0.784,-2.0879790195382206,5905.932076051755
0.788,-2.072286188825784,5895.5808409427245
0.792,-2.6784571676712314,5904.320944022985
0.796,-2.9808324752748496,5898.992352957844
0.8,-2.878876133042675,5908.382081483169
0.804,-2.0223133413588847,5900.317235917359
0.808,-2.2233805252564984,5897.682152588345
0.812,-2.9405528993131327,5890.860501416452
0.8160000000000001,-2.8776785949167802,5904.167166465108
0.8200000000000001,-2.5013218546652354,5905.871822812274
0.8240000000000001,-2.05233282419335,5897.488359579327
0.8280000000000001,-2.2570406949728805,5899.794830055939
0.8320000000000001,-2.520833729502768,5898.544832430509
0.836,-2.9953018643679905,5903.045009726112
0.84,-2.6586997459773674,5895.606381310141
0.844,-2.42183657885183,5898.258946250626
0.848,-2.178252515862552,5901.555841593646
0.852,-2.6735230693106096,5897.648520022761
0.856,-2.6015996260946705,5896.290496170224
0.86,-2.675716892770535,5903.124739893023
0.864,-1.3365891439990722,5895.737057370698
0.868,-2.4106244288290544,5900.246658336552
0.872,-2.690393192676819,5889.356568195567
0.876,-3.11928202256934,5908.646637641764
0.88,-2.6021217851695626,5901.957791448127
0.884,-1.7950287433997125,5903.283976301191
0.888,-2.2397642887201314,5903.759861632841
0.892,-2.6971562343196607,5905.133397827915
0.896,-2.9820495359170383,5900.326408911884
0.9,-2.118601123746823,5899.587603068654
0.904,-2.16969522383242,5899.574839619355
0.908,-2.4211069817116657,5900.557266541426
0.912,-3.0104039825311686,5902.223192905957
0.916,-2.894782001033372,5899.0331583549005
0.92,-2.4464142882047986,5904.434318696031
0.924,-2.3554601576520433,5908.104095034139
0.928,-2.495309106948472,5895.672299464893
0.932,-3.1660851543816877,5895.8281737137895
0.936,-2.927864393388834,5894.779042032133
0.9400000000000001,-2.4220395437296034,5890.1248481447765
0.9440000000000001,-1.963781454924399,5904.1494714645405
0.9480000000000001,-2.241360499891475,5906.907803576169
0.9520000000000001,-2.76722987244414,5897.418123255929
0.9560000000000001,-3.087352058599552,5905.346537173815
0.96,-2.638338770039163,5902.187632332173
0.964,-2.06796711694189,5909.834792075008
0.968,-2.3759434046468972,5903.639383986316
0.972,-2.8491180236306755,5902.629489321709
0.976,-2.8365355467017594,5902.118039637432
0.98,-2.780806747980189,5896.518110002759
0.984,-2.0918558006038346,5893.974130600164
0.988,-2.398836759329797,5896.355018616549
0.992,-2.5798907526909245,5901.20569445453
0.996,-2.5099633380002393,5893.350800588646
1.0,-2.5448694318316574,5896.074254864815
1.004,-2.2133020276002036,5903.223724043813
1.008,-1.932834834947983,5912.51688824576
1.012,-2.804113402859494,5898.418013393587
1.016,-2.9087603112562608,5902.624716474195
1.02,-2.799872364867202,5894.990912675246
1.024,-2.531589669433651,5893.495755789062
1.028,-2.07678921676548,5903.162667070213
1.032,-2.8033985916074453,5893.251312847973
1.036,-3.048696831655448,5898.803951137381
1.04,-2.618269684182735,5898.676051109327
1.044,-2.1419720449150534,5889.368292253379
1.048,-2.2138257097863097,5899.064656808714
1.052,-2.448521417554905,5904.500347910083
1.056,-2.9619677339652455,5908.3559296228605
1.06,-2.7661423453117067,5907.556009518094
1.064,-1.9460278928229946,5902.821920349699
1.068,-2.1973322855342268,5893.443062341822
1.072,-2.780953182737971,5902.666246371531
1.076,-3.3082638331893306,5899.000091735082
1.08,-2.774481898225423,5903.1375656961545
1.084,-1.9673810179574993,5912.066157040093
1.088,-1.9845023289355015,5900.657637003078
1.092,-2.994081946799311,5897.981752091321
1.096,-3.3396527460697385,5903.546553803403
1.1,-2.462337162073111,5900.88288192758
1.104,-2.2455505901804647,5893.568344348114
1.108,-2.3583109676816125,5887.457704504669
1.112,-2.986070853750231,5905.147852493308
1.116,-2.8431701746551843,5902.214364435509
1.12,-2.433740415934416,5905.305426967114
1.124,-2.2883745691622908,5898.276712703226
1.1280000000000001,-2.1755394454369044,5894.768527255231
1.1320000000000001,-2.6660928057043636,5906.32521270557
1.1360000000000001,-3.4314059279300912,5910.910055507495
1.1400000000000001,-2.6927676362820936,5898.680021543878
1.1440000000000001,-2.0618314305653405,5892.670069730614
1.1480000000000001,-2.188071846781659,5892.9122284335235
1.1520000000000001,-3.1803684750790855,5903.691978417751
1.156,-3.3936978011917858,5901.715222841389
1.16,-2.221906120304757,5907.934630322372
1.164,-2.0347910492044523,5895.591452334811
1.168,-2.3468249516531996,5900.907461064751
1.172,-2.587239651352288,5894.347278012102
1.176,-3.340022570957659,5902.817059050865
1.18,-2.584070627082008,5894.965224280036
1.184,-1.964968002546744,5907.3691562963595
1.188,-2.5515073329879203,5906.312472757001
1.192,-2.976031247898826,5914.354738915789
1.196,-3.1700896214794896,5905.130300575854
1.2,-2.6898131370338314,5902.316040592432
1.204,-1.8399670616182529,5897.797834559841
1.208,-2.293064864140422,5909.645064282954
1.212,-3.3848714581166073,5903.277195781442
1.216,-2.9127022446000037,5902.375926894057
1.22,-2.9147033022718913,5898.782815315092
1.224,-2.268178514839435,5903.520118434092
1.228,-2.301683204589917,5897.630540433168
1.232,-2.9384056707455417,5911.292993992473
1.236,-3.4226673054078396,5899.883321809798
1.24,-2.521820138621088,5905.101415875795
1.244,-2.3476847293771597,5901.061395654674
1.248,-2.1353358619054235,5898.993349329265
1.252,-2.7821738238524816,5905.287186533429
1.256,-3.211797672818109,5908.22104719138
1.26,-2.2962385842178294,5892.720840887304
1.264,-2.1508970562360594,5900.597248968794
1.268,-2.286775230298076,5895.174982459712
1.272,-3.1277342298963813,5901.005992702774
1.276,-3.1790859234885804,5901.760076906265
1.28,-2.4339224451771218,5901.056529589002
1.284,-2.280628992921247,5900.786095851091
1.288,-2.3728488815555964,5910.292649288602
1.292,-3.2012263004451063,5904.516344097815
1.296,-2.9113308466515377,5907.499283368234
1.3,-2.2987269396488452,5895.852047895239
1.304,-1.7108614692759745,5903.9779877711435
1.308,-2.0786756524628016,5908.028422475628
1.312,-2.5418471865002275,5904.829789778486
1.316,-2.790908183243055,5903.991700220011
1.32,-2.6176683596938464,5909.569312376662
1.324,-2.083564379163186,5905.922285160018
1.328,-2.4724641400559344,5903.104183095093
1.332,-2.9063934192031886,5899.458277216234
1.336,-2.9630218268466315,5904.804203360986
1.34,-2.4048969915276555,5911.207880939725
1.344,-1.95597773475668,5909.977439783909
1.348,-1.9668321627580665,5900.210007514113
1.352,-3.0413948926070415,5898.691659557986
1.356,-3.0189425541730643,5897.833167175222
1.36,-3.0520566796663,5893.389955931529
1.364,-2.183469688445055,5895.436552024392
1.368,-2.422764343937478,5900.709138075228
1.372,-2.959465889731554,5905.745747340582
1.3760000000000001,-2.7289786773992355,5908.315335972062
1.3800000000000001,-2.7847628004690432,5903.512703373297
1.3840000000000001,-1.8364093737323723,5905.284657888063
1.3880000000000001,-2.5232200963250713,5895.374182823939
1.3920000000000001,-2.877986568758426,5899.4938673083025
1.3960000000000001,-3.135211391154702,5900.186147629287
1.4000000000000001,-2.375081145216502,5900.601861508393
1.4040000000000001,-2.1659608000077135,5900.895184480257
1.408,-2.5581945689786103,5906.476136912851
1.412,-2.8057287479925703,5903.721533672407
1.416,-3.4811164465717153,5906.8178804271865
1.42,-2.494259224168264,5900.701817838959
1.424,-2.136817271441032,5914.123180061459
1.428,-2.0143252811313443,5912.0636686290345
1.432,-2.8658351801655693,5906.559667488815
1.436,-3.3232803207996944,5900.837542626157
1.44,-2.675154973881549,5900.346697006134
1.444,-1.9631940848419236,5903.973184438276
1.448,-2.5559841494539395,5903.595839162643
1.452,-2.994598605541846,5907.082370239761
1.456,-3.0428122547276213,5906.845527088724
1.46,-2.7543103684214643,5905.758862018513
1.464,-2.2905747912463337,5907.288133447234
1.468,-2.4446415632123126,5899.7534941121785
1.472,-3.1357386653396184,5902.552438848007
1.476,-2.9479075521834366,5906.692854342102
1.48,-2.634285797594215,5908.409637520863
1.484,-2.2645024927583255,5894.504846600709
1.488,-2.391607816209926,5904.485638120226
1.492,-2.8893396174278267,5905.8995722729915
1.496,-2.937046621454145,5906.137524503157
1.5,-2.8424953254237533,5902.395712160043
1.504,-2.1850977712026562,5902.674931027221
1.508,-2.334229165930919,5908.638796405906
1.512,-3.0397538771774326,5908.903773159905
1.516,-2.9858286193467993,5898.8416597538035
1.52,-2.7910046912429003,5903.050541043391
1.524,-2.536606350513726,5908.350770751596
1.528,-2.730327677829478,5900.095764669805
1.532,-2.6246412898880456,5910.03794952937
1.536,-3.0167036709175177,5903.509886176185
1.54,-2.727490001705973,5901.19707232116
1.544,-2.1551516969115125,5905.729660104949
1.548,-2.205345676051338,5907.360768018796
1.552,-3.235174425977136,5904.902226066015
1.556,-3.1539596893168027,5906.180028574899
1.56,-3.0649813372528296,5908.85955730187
1.564,-2.727580092074512,5911.390568568148
1.568,-2.146715492408261,5894.761589511988
1.572,-2.8990047991316836,5904.370608145734
1.576,-3.1658047618574416,5901.44141569008
1.58,-2.706486678523146,5903.369271797133
1.584,-2.3052262810451367,5904.87242192159
1.588,-2.5363525181174578,5901.8828192194405
1.592,-3.0220450710953584,5904.045977479022
1.596,-3.3660101691338427,5901.695966134375
1.6,-2.4444129734719184,5906.911291971334
1.604,-2.2618774375650315,5892.290704088663
1.608,-2.5586132284857133,5901.596680122843
1.612,-2.853553425852158,5910.930760093299
1.616,-3.1997049200076377,5909.764281322645
1.62,-2.841871106137593,5902.607350899756
1.624,-2.19687172227212,5906.578113487168
1.6280000000000001,-2.566553749949378,5915.678745534854
1.6320000000000001,-3.280694101919532,5906.580306467271
1.6360000000000001,-3.2522799085006913,5908.064020185745
1.6400000000000001,-2.9874418660016007,5900.43922031289
1.6440000000000001,-2.173338547457921,5908.695645343724
1.6480000000000001,-2.6208426013578423,5905.641210136485
1.6520000000000001,-3.167812707684212,5908.123434445822
1.6560000000000001,-3.412634377355374,5898.454121280296
1.6600000000000001,-2.9589628803222174,5899.319088674971
1.6640000000000001,-2.101059403599378,5896.828999957816
1.668,-2.8008836194545585,5909.218247252308
1.672,-2.7918256630672302,5908.046946965365
1.676,-3.5653816287089106,5893.689072205682
1.68,-2.921046239503205,5894.076671139126
1.684,-2.4063363586135624,5901.342376246433
1.688,-2.662715239198638,5917.227969441111
1.692,-3.175115806542193,5908.604877293007
1.696,-3.4880287021721195,5896.338306607857
1.7,-2.703757116480978,5905.458037394098
1.704,-2.3898340832561966,5906.301087805875
1.708,-2.491388065431506,5906.196980519446
1.712,-3.0904609067850957,5908.755771228956
1.716,-3.4187611505445976,5904.806029763508
1.72,-2.996665731136016,5898.663151051111
1.724,-2.426442086783213,5903.990000420797
1.728,-2.7833472354353797,5907.603795969105
1.732,-3.088604697378825,5910.137893625912
1.736,-3.22332796273189,5908.7136975409685
1.74,-2.9574298031122073,5908.30141739766
1.744,-2.3312932325220235,5898.583783700269
1.748,-2.5141393086341517,5914.836944243327
1.752,-3.0362909110670637,5917.893637859391
1.756,-3.457766338029489,5907.942738439373
1.76,-2.9941444197047566,5914.590083653917
1.764,-2.2754044673361684,5911.514553091597
1.768,-2.5183956137437034,5907.9713545188715
1.772,-3.364439919188142,5907.290544185219
1.776,-3.516646489630524,5901.409844821729
1.78,-3.063285172851713,5913.688516052634
1.784,-2.4695470006720535,5913.260913524778
1.788,-2.402956918095736,5918.493789360425
1.792,-3.1885563279970532,5903.329542688142
1.796,-3.3522400784257487,5902.37450921819
1.8,-3.1740780790649046,5910.2272971458715
1.804,-2.363262403098134,5898.355488847368
1.808,-2.5551175183767185,5911.675660010306
1.812,-3.131832661611707,5902.95628341473
1.816,-3.4524076156030596,5910.179967157633
1.82,-3.0979832417243527,5907.143188102348
1.824,-2.499697697205972,5908.317218977187
1.828,-2.3036542623602885,5907.965287360248
1.832,-3.7044875160886406,5906.077565207311
1.836,-3.505230234335108,5903.397376483313
1.84,-3.036597831009312,5907.308062707996
1.844,-2.4753069907929124,5908.216669843358
1.848,-2.4188992044890436,5912.388297580023
1.852,-3.266220133585474,5909.403455517368
1.856,-3.203327976448525,5911.170410627684
1.86,-2.7698336806892248,5907.720465633625
1.864,-2.2646453603987053,5902.425062474865
1.868,-2.59740618169284,5907.978811184583
1.872,-3.41347417192717,5908.113848461138
1.8760000000000001,-3.3977562344021757,5909.640290797643
1.8800000000000001,-3.301670716723401,5897.981660989122
1.8840000000000001,-2.1432120903440732,5899.075401353219
1.8880000000000001,-3.0044502669255957,5906.639761419543
1.8920000000000001,-3.427567658835501,5900.499119409724
1.8960000000000001,-3.5305001083959238,5906.69245189478
1.9000000000000001,-2.9828605206913092,5907.732282152426
1.9040000000000001,-2.3144243342105253,5909.486911345238
1.9080000000000001,-2.6321922191549727,5905.054487005914
1.9120000000000001,-3.3345901391689132,5908.8832042535705
1.9160000000000001,-3.214697327697805,5906.330871548147
1.92,-3.1353303829356243,5900.6105752687245
1.924,-2.5254676055327208,5907.538638983022
1.928,-2.8301160364711406,5903.743936124032
1.932,-3.3029677615735538,5909.397297865295
1.936,-3.1295874298798108,5903.991268113977
1.94,-2.981166529424909,5908.79267797364
1.944,-2.3797362295120816,5908.287544522805
1.948,-2.894662682390391,5906.00846066358
1.952,-3.510932424879933,5916.74558420607
1.956,-3.493592550859417,5914.601727996394
1.96,-2.781324565636305,5914.48497047645
1.964,-2.7006697808604976,5911.7978102821135
1.968,-2.777934140794283,5909.3307214506885
1.972,-3.4826694324330756,5904.755816496478
1.976,-3.4378723511559537,5897.153232040193
1.98,-2.687682227187609,5909.6012725146675
1.984,-2.5488245066836788,5904.679350670104
1.988,-2.5186687787548543,5907.0907330585105
1.992,-3.8697370640286586,5909.021978715844
1.996,-3.5898200438771135,5906.532843920035
2.0,-3.3194723619546695,5915.149651133087
2.004,-2.471965804845804,5906.393254999447
2.008,-2.493523284462489,5903.150603282665
2.012,-3.387145921573122,5912.256326171099
2.016,-3.5292797046065267,5905.979040275568
2.02,-3.2642028592892913,5910.234558845757
2.024,-2.809000759442255,5916.609558489869
2.028,-2.393912430551529,5909.306164193974
2.032,-3.3585127071482788,5893.568855778925
2.036,-3.5705148765554844,5911.011476453631
2.04,-3.0388287727729235,5915.60056930694
2.044,-2.3670023727430243,5906.092513492321
2.048,-2.690579055426219,5912.908191369063
2.052,-3.5233572734127905,5905.991829013784
2.056,-3.7498432466402676,5906.420422097699
2.06,-3.103860663734827,5918.052304909342
2.064,-2.291559235496458,5916.564182776768
2.068,-3.2033460305738717,5906.95218345804
2.072,-3.3031755397855784,5903.956954514264
2.076,-3.6171979810023194,5898.026808851334
2.08,-3.4507420897630996,5916.622999116906
2.084,-2.555833435894765,5920.974621353113
2.088,-2.8303509697191527,5910.042786109001
2.092,-3.1559965424921668,5907.284942592777
2.096,-3.519670155064305,5907.057717446779
2.1,-3.2527572417444883,5908.074444610628
2.104,-2.8124872665061216,5915.268856540133
2.108,-2.7857152252839223,5915.840162669074
2.112,-3.5386009972127512,5915.73884034695
2.116,-3.5528782263768233,5916.093449959259
2.12,-3.157645057229179,5914.314860884057
2.124,-2.501886103881366,5910.908114758542
2.128,-2.555555377251522,5906.6774935608555
2.132,-3.748036518904692,5916.257982006787
2.136,-3.3895281886767643,5913.110278472135
2.14,-2.8755677485029603,5910.1950994132385
2.144,-2.675701139158039,5908.891830066161
2.148,-3.11774991036761,5906.946319313773
2.152,-3.7486151912518912,5904.409117412261
2.156,-3.758131459109638,5907.731991395269
2.16,-3.3331967823392796,5911.025865817813
2.164,-2.649633296535921,5909.459312292079
2.168,-2.7100085624178956,5920.396023828291
2.172,-3.3638365591094503,5914.142026725174
2.176,-3.6178137981898075,5905.187374878605
2.18,-3.3430458356173185,5912.412836919525
2.184,-2.817976330268435,5905.639515796425
2.188,-3.0812867070455106,5915.546267596094
2.192,-3.6756227435279962,5914.789985122867
2.196,-3.9089385238506815,5906.833118370663
2.2,-2.9823230868817623,5910.524915425263
2.204,-2.638432732005457,5912.448718198688
2.208,-2.757767619837998,5912.447639810336
2.212,-3.165752267051889,5910.217916855545
2.216,-3.6365835995834686,5907.233117704922
2.22,-3.440532379789171,5904.116327796567
2.224,-3.0052437495382085,5912.532553566502
2.228,-2.8935777738427806,5910.57906499398
2.232,-3.556425054722795,5902.5955010678645
2.236,-4.07073172402321,5915.860876145889
2.24,-3.3209826226481436,5906.939254393542
2.244,-2.689400799978367,5919.459125233506
2.248,-2.9083464778772465,5916.136425667239
2.2520000000000002,-3.52043149734757,5905.303379823238
2.2560000000000002,-3.8499830373177812,5912.852953157946
2.2600000000000002,-3.215491766122433,5913.5828381375195
2.2640000000000002,-2.852774890443209,5905.8893679004095
2.2680000000000002,-2.914948644907063,5907.7748256306595
2.2720000000000002,-3.9537527062846176,5914.14903828076
2.2760000000000002,-3.7393702642527042,5919.369873880153
2.2800000000000002,-3.5902904251301204,5909.0806237485085
2.2840000000000003,-2.8270893554449907,5900.761586504382
2.2880000000000003,-2.9189622722868513,5911.1665648984
2.2920000000000003,-3.7136539222520306,5921.5224332655
2.2960000000000003,-3.878402107778509,5911.84571550768
2.3000000000000003,-3.488284130366075,5907.010972038485
2.3040000000000003,-2.7744581571436475,5911.036578353214
2.308,-2.956042203857497,5911.474713588377
2.312,-3.7260825445792745,5906.70214007196
2.316,-3.777290654923295,5907.766945744209
2.32,-3.4477061834535503,5912.532268801015
2.324,-2.8859866481638066,5920.748946951558
2.328,-2.8485737225246974,5910.594732296975
2.332,-3.9369437831559235,5907.708069514299
2.336,-3.4602878162113875,5915.740816319039
2.34,-3.4762079434302304,5916.560884170314
2.344,-3.0151786853876423,5910.147073565883
2.348,-2.821194001035281,5916.91851868327
2.352,-4.1191951615159486,5913.548923929927
2.356,-3.7658803732840234,5906.551898378908
2.36,-3.492441084342012,5912.136215159434
2.364,-3.0107914407108534,5917.843092572912
2.368,-3.0428305330329106,5912.282058136694
2.372,-3.491905881045416,5913.264199963651
2.376,-3.543636463235658,5914.187620428768
2.38,-3.4639661533119592,5915.105009520944
2.384,-2.9950190065181292,5910.202839153645
2.388,-3.183512495547538,5912.790195069759
2.392,-3.374243848487882,5913.809673616685
2.396,-4.036980077519063,5908.432713291237
2.4,-3.8672244746505022,5919.114175275655
2.404,-3.0356185273140235,5909.729245803091
2.408,-2.9313146241432477,5909.683491971965
2.412,-3.7018259840069234,5904.248536905514
2.416,-3.87595108169243,5907.6618972090555
2.42,-3.140320446590844,5920.346521448565
2.424,-3.21281275339657,5908.193661920939
2.428,-3.1044654830887994,5906.387816567727
2.432,-3.9554526598343536,5910.959761756792
2.436,-4.064159077057509,5910.359396821358
2.44,-3.546961143187369,5915.970172037917
2.444,-3.080571864954168,5903.0124409461905
2.448,-3.1049182659734202,5909.592156018893
2.452,-3.785417935228697,5913.88603970682
2.456,-3.958285432311822,5904.873854285792
2.46,-3.2857839195007137,5904.688113664283
2.464,-2.9981647125917434,5917.15347226987
2.468,-3.3537200652167054,5921.01928682323
2.472,-3.710278041093516,5912.478996909515
2.476,-4.2285176089373735,5919.296477105923
2.48,-3.5213211585863267,5904.7040800467985
2.484,-2.9154255258349266,5910.382929838881
2.488,-2.803272150724622,5903.390618455297
2.492,-3.680120723086461,5913.182226906573
2.496,-3.9859814783255523,5918.333219815985
2.5,-3.2363881888158907,5913.270988980727
2.504,-2.845657952090661,5916.036855592107
2.508,-2.9627481144383387,5904.637380228258
2.512,-3.6083795019796154,5914.170934243425
2.516,-4.1568512205156365,5911.721229282835
2.52,-3.3230394029926713,5923.105261404099
2.524,-2.7192912855274622,5906.6464613364615
2.528,-2.979082795229827,5908.99267570409
2.532,-3.8170369614988715,5904.758580098706
2.536,-3.8165620171143204,5912.474135438802
2.54,-3.2928308013234364,5914.968984911162
2.544,-2.8093693400929136,5921.34089063916
2.548,-2.9469898223001305,5910.509785579909
2.552,-3.8280165001664646,5909.7521437865325
2.556,-4.185172308346987,5914.6916625114545
2.56,-3.8767234992294703,5904.697582812718
2.564,-3.171292853833845,5915.111399453295
2.568,-3.1079978850331327,5914.726068572291
2.572,-3.6265502657317796,5914.2103872983935
2.576,-4.275372360893848,5915.905642234666
2.58,-3.467493980634173,5907.835003780916
2.584,-3.2319143486685813,5909.077626824471
2.588,-3.341983340340311,5918.278688929354
2.592,-3.8968361594615395,5912.341462968726
2.596,-4.176702607138587,5909.5492743177
2.6,-3.445932509779749,5904.313296656689
2.604,-2.6984412197269654,5911.870458826187
2.608,-3.600284983514313,5915.713669460094
2.612,-3.8354825685966554,5920.0842636617335
2.616,-3.783319854942831,5912.698695020462
2.62,-3.5724993868552106,5919.599945324542
2.624,-2.813320564693007,5906.451032663189
2.628,-3.414561330298035,5920.38189378326
2.632,-4.019815604930569,5906.928716285217
2.636,-3.9328136424867726,5916.719959051271
2.64,-3.4556018941575,5912.551283511981
2.644,-3.153209656735842,5912.115956426933
2.648,-3.3553105406833725,5912.456687501759
2.652,-3.869417416759844,5918.774062429159
2.656,-4.3103162453669945,5927.834639991625
2.66,-3.431640556849951,5918.107922012366
2.664,-2.978891889669549,5905.797011863609
2.668,-3.1423932109078314,5911.153443521671
2.672,-3.913280908728427,5917.7289320650025
2.676,-3.799467769019931,5906.633435696633
2.68,-3.822578501595471,5907.393571462252
2.684,-3.3176465401248514,5909.749930354643
2.688,-3.206956868707465,5911.48674289301
2.692,-4.005503580595073,5910.278457098375
2.696,-3.767237264072937,5913.388586850751
2.7,-3.380932728667557,5904.930626768948
2.704,-3.269349504121322,5912.016605273508
2.708,-2.912111574784155,5906.109773782954
2.712,-3.9811716839404276,5909.996404859557
2.716,-3.7275939001307763,5903.620162993573
2.72,-3.511161511719501,5913.121761752678
2.724,-2.954445914100181,5915.8646020467195
2.728,-3.2250129062319193,5908.768463463813
2.732,-3.7957109311547663,5917.703486751411
2.736,-4.207174702763738,5912.743074627655
2.74,-3.7291571290217735,5919.747844706502
2.744,-3.372178601081991,5918.598098663803
2.748,-3.1518252420377726,5914.391200657737
2.7520000000000002,-3.8172206531664425,5910.284980674271
2.7560000000000002,-3.9747686334454526,5905.5840120010835
2.7600000000000002,-3.5635795307962956,5913.9569818964
2.7640000000000002,-2.9884780617698867,5911.061415373277
2.7680000000000002,-3.0688661682707226,5917.729277505483
2.7720000000000002,-4.090810407981766,5920.190790704085
2.7760000000000002,-4.00898305276753,5917.659052371016
2.7800000000000002,-3.73200840890949,5923.208710381776
2.7840000000000003,-3.0148977176272505,5917.0221696438575
2.7880000000000003,-3.127920457091492,5908.19266534238
2.7920000000000003,-4.18015639403207,5915.8580538138085
2.7960000000000003,-3.8305105899880423,5922.819061001979
2.8000000000000003,-3.6532103384166055,5908.292818282784
2.8040000000000003,-3.0603518218220627,5911.479890120787
2.8080000000000003,-3.2523719082827904,5910.951418020579
2.8120000000000003,-3.8774422561205375,5905.971980952137
2.816,-3.59418615106775,5910.061556932631
2.82,-3.440160400801429,5916.772773639921
2.824,-3.057897177375557,5910.83238375365
2.828,-3.2580056661259205,5905.240133246942
2.832,-3.529421103007315,5913.029409281081
2.836,-4.141759638535091,5905.6246873900045
2.84,-3.744663970732541,5912.636145830358
2.844,-3.0038276531601706,5915.840624030977
2.848,-3.2909858942809915,5917.709151350868
2.852,-3.7266953346544804,5911.335733478188
2.856,-4.550346562064394,5923.155960868986
2.86,-3.7016565277139515,5916.486686156532
2.864,-3.271305303622146,5915.833249089358
2.868,-3.6328219152298615,5919.117592693523
2.872,-3.7324079901281797,5914.385066455539
2.876,-3.9004334792216597,5912.480028083151
2.88,-3.295134201624866,5918.1283512673235
2.884,-3.3697321627141954,5918.87814136623
2.888,-3.3756035298375213,5916.8743889666175
2.892,-3.895274382621926,5918.305409924405
2.896,-3.942571221577431,5910.473910785677
2.9,-3.371809094347419,5920.547123703423
2.904,-3.1856404639969997,5916.198865273179
2.908,-3.5174309432520676,5913.088828945264
2.912,-4.071732585474745,5911.352038013171
2.916,-3.9168051644472315,5920.574804214517
2.92,-3.268279124896236,5922.142305522601
2.924,-3.049952470613446,5920.105098663404
2.928,-3.308010425386862,5925.141917664857
2.932,-4.030828944541256,5911.838599101796
2.936,-4.60299283218675,5908.9677570463555
2.94,-3.7520076453341464,5913.0044636468265
2.944,-2.9133301878164595,5921.778109862071
2.948,-3.525958386579263,5918.067145665393
2.952,-3.828651033435893,5911.676727861372
2.956,-3.810795931544943,5911.678445232064
2.96,-3.5949825451509394,5924.788967924508
2.964,-3.345468505406522,5925.587323897764
2.968,-3.529919562243931,5923.665851355951
2.972,-3.619875121153855,5920.7663108494335
2.976,-4.218668092956769,5915.267246412465
2.98,-3.824424909493504,5911.993424670485
2.984,-2.8440837718112517,5931.519459410405
2.988,-3.1298735894811314,5915.398993454682
2.992,-3.725125659827624,5914.110802448657
2.996,-4.18004495319574,5921.733455104164
3.0,-3.7603851362583045,5920.5754316619705
3.004,-2.9505702574505683,5918.611141860525
3.008,-3.300990720825663,5912.687711662558
3.012,-3.673433634816075,5920.519834779474
3.016,-4.157955773212869,5915.690912064326
3.02,-3.9174547415354697,5917.945722464372
3.024,-2.93189184570616,5921.9668105830015
3.028,-3.208627121263885,5905.266185723405
3.032,-3.7355382129176373,5917.975713574019
3.036,-4.195539146242694,5924.200747120086
3.04,-4.045236756158036,5917.792602821377
3.044,-3.052876645019454,5915.579525406571
3.048,-3.3575724548588397,5904.866513154008
3.052,-3.666065082523076,5916.6978689173875
3.056,-4.221278048394411,5909.072283618021
3.06,-3.8820705801773725,5930.017865646526
3.064,-3.195784583917038,5918.810787363744
3.068,-3.5366402186505086,5916.401957048659
3.072,-3.8986521790497077,5917.89319737616
3.076,-3.6732311260936266,5909.262043448586
3.08,-3.530406693531882,5911.736104404028
3.084,-3.2321056225622797,5917.089379044264
3.088,-3.1375150344787874,5919.000584725312
3.092,-3.890816768765589,5914.299102063987
3.096,-3.926669327353619,5922.075279150097
3.1,-3.797996573551975,5920.749123610964
3.104,-3.2489075872732416,5918.885920700473
3.108,-3.6810016346113312,5917.263880623015
3.112,-3.8862577049065186,5919.697947478343
3.116,-3.756027318635957,5918.02107309487
3.12,-3.716838403249925,5909.1500741871105
3.124,-3.2208530113772937,5910.443572480654
3.128,-3.2177130656768402,5920.372501298467
3.132,-3.5592979152553004,5908.043597290609
3.136,-4.363352138980957,5919.456771549697
3.14,-3.580430448267661,5924.716716656753
3.144,-3.2274335659475017,5924.108974501883
3.148,-3.1373689344467355,5925.231510221476
3.152,-4.049260753049602,5921.317409047192
3.156,-4.120483838708438,5920.432294504333
3.16,-3.5556154252404415,5914.772529965509
3.164,-3.108003090605545,5925.333608802578
3.168,-3.4108518144707762,5917.600383090765
3.172,-4.049219075191071,5917.693437651995
3.176,-4.357278633142799,5913.167827454995
3.18,-3.5907510250317305,5919.130907119736
3.184,-3.0386611944395563,5918.589336834343
3.188,-3.4506154345306888,5908.057721572398
3.192,-4.0545796797020195,5912.229499366482
3.196,-3.9744082452246237,5920.114213545677
3.2,-3.6926253540537037,5922.6254643936445
3.204,-3.194104433431738,5916.459890978994
3.208,-3.287505709904984,5922.268116061758
3.212,-4.186802810652852,5918.591806709215
3.216,-4.2284205739348995,5923.337218815293
3.22,-3.2753764686064817,5914.234489044089
3.224,-3.2794934509762443,5923.781440308563
3.228,-3.616769785326978,5917.943850483883
3.232,-4.006922171061625,5917.926253054472
3.236,-4.122981852864506,5924.908082158653
3.24,-3.8533292536313284,5926.148669491844
3.244,-3.2444179221093696,5916.650878154488
3.248,-3.544726092812448,5922.691746766593
3.2520000000000002,-3.6648198472502616,5923.701133963413
3.2560000000000002,-3.8176548432553883,5920.350987898526
3.2600000000000002,-3.617339621656273,5912.605236830049
3.2640000000000002,-2.9850961568946897,5922.168003612264
3.2680000000000002,-3.2580555487141636,5921.4655969133855
3.2720000000000002,-4.339979775851357,5918.934513286245
3.2760000000000002,-3.8267942369991643,5911.58301356855
3.2800000000000002,-3.917143651513315,5912.352435857044
3.2840000000000003,-3.2584631379028606,5919.188132081438
3.2880000000000003,-3.4112569498105665,5911.910716436924
3.2920000000000003,-4.093861302991144,5911.750710413578
3.2960000000000003,-4.0079990563257635,5923.8029472631815
3.3000000000000003,-3.8763312518824726,5917.226107233452
3.3040000000000003,-2.9486661684461497,5913.978192367763
3.3080000000000003,-3.277949672524353,5920.808683689525
3.3120000000000003,-3.910821131046511,5916.239219152529
3.3160000000000003,-4.186698956810193,5914.213053053773
3.3200000000000003,-3.6126230840318523,5926.025344664238
3.3240000000000003,-3.3400052967393457,5923.093976664913
3.3280000000000003,-3.175144629222396,5916.604377713269
3.332,-3.925103417541421,5918.084110259983
3.336,-4.128135411153014,5923.313273633781
3.34,-3.913175641736709,5921.731602515899
3.344,-3.2998739686919674,5923.981667773767
3.348,-3.591722237107324,5923.440216382096
3.352,-3.7451835626556083,5919.548240954054
3.356,-4.1615768186777276,5914.979826376354
3.36,-3.5562489009247713,5930.663097457697
3.364,-3.2146554453599223,5919.449130303301
3.368,-3.292822210043095,5924.694819803827
3.372,-3.967575313223395,5919.279594478767
3.376,-4.325874643012331,5920.827095836424
3.38,-3.644970268471397,5914.479665061872
3.384,-3.238936770564612,5920.626508129805
3.388,-3.3829948709421407,5923.058749810746
3.392,-3.872996069494562,5922.447253338463
3.396,-4.002528896693946,5917.140879896523
3.4,-3.6089958769360795,5918.177953630866
3.404,-3.208161240404296,5926.979691524495
3.408,-3.2321284874475706,5924.58410367825
3.412,-4.086189875375962,5922.606233720582
3.416,-4.128015663166018,5910.0252336395215
3.42,-3.608070297613172,5918.451527261622
3.424,-3.114466701885748,5922.377287618735
3.428,-3.222045971014102,5926.29846108855
3.432,-3.779065157176215,5922.040436043351
3.436,-4.1757081255923145,5928.717955595105
3.44,-3.9193514977463733,5920.352558446158
3.444,-3.294536301544201,5909.575937624358
3.448,-3.3377225789118077,5924.8824251552505
3.452,-3.8255779863325934,5915.938516283007
3.456,-4.103805436158556,5920.793538298288
3.46,-3.763752354114027,5929.264677685917
3.464,-3.236612194490413,5921.854681681633
3.468,-2.9839746799128033,5920.400605372851
3.472,-3.755497167359949,5916.995554718302
3.476,-4.335859601520543,5919.123963721546
3.48,-3.6575056917894084,5917.332512997497
3.484,-2.9676101663986554,5923.170639933364
3.488,-3.8553948942911056,5920.162069563996
3.492,-4.039334256425974,5921.5199498503025
3.496,-4.674080854332383,5913.653602806248
3.5,-3.8625269149110455,5917.024320580329
3.504,-3.4667629937480724,5917.977085028919
3.508,-3.37501267535497,5921.1154441824965
3.512,-3.999938756269122,5921.4068157209285
3.516,-4.250421592770513,5920.157508259666
3.52,-3.644367952880251,5920.049750519473
3.524,-3.6114434421721002,5920.7003177766865
3.528,-3.2921981149246005,5928.75971499219
3.532,-4.011118835406087,5924.478280537252
3.536,-4.032366730582375,5921.071494889968
3.54,-3.5326596269003248,5934.288295534142
3.544,-3.327596290464398,5915.120281414952
3.548,-3.2566595982725826,5915.20492659616
3.552,-4.210969173854924,5928.503561800964
3.556,-4.160376976654914,5919.372092998137
3.56,-3.649629230886263,5924.16109923151
3.564,-3.05702308072037,5919.174522820286
3.568,-3.421867813179519,5916.170465609262
3.572,-4.019619264492939,5920.09418516773
3.576,-3.8728531048423243,5924.072799247691
3.58,-3.9627878018288234,5928.438070149372
3.584,-3.023279796105795,5923.912676089416
3.588,-3.247563833015467,5929.118397784962
3.592,-3.930999763164042,5926.100556650932
3.596,-3.783431828976834,5910.566371824119
3.6,-3.8365371252514326,5918.379212640544
3.604,-3.5824324858622747,5921.207793519255
3.608,-3.47501651869758,5931.825463851987
3.612,-4.002121423439086,5931.798940123529
3.616,-4.030072441951482,5924.1892259151855
3.62,-3.452257785671385,5928.169974306966
3.624,-3.405881619613891,5921.929807465705
3.628,-3.2505333436193466,5920.798746356793
3.632,-4.090976203529509,5913.093165213916
3.636,-4.4268227516951715,5918.777100511499
3.64,-3.8453930758207706,5927.358818401712
3.644,-2.9658952835776056,5909.317359233604
3.648,-3.6722159199157947,5926.1339430959715
3.652,-3.613419963103077,5918.764796928068
3.656,-4.156249120060347,5918.643807277639
3.66,-3.9385108327988663,5919.643476973117
3.664,-3.2095584455391615,5914.852917365732
3.668,-3.422503909894964,5927.201284212962
3.672,-4.162757143056913,5924.453567308475
3.676,-3.920704145260461,5926.091596559049
3.68,-3.6954655996246926,5923.44275020504
3.684,-3.425272258900394,5927.463177933196
3.688,-3.4124452282234445,5919.863225034644
3.692,-3.581558921795878,5913.111293250056
3.696,-4.134756273357409,5926.136526702134
3.7,-4.032663418636097,5930.417698885861
3.704,-3.3129668679110993,5926.017929413477
3.708,-3.349515592126544,5927.792878126014
3.712,-4.057744765839672,5923.106095805255
3.716,-3.979733896219713,5932.873193337696
3.72,-3.518888389359561,5927.771337923058
3.724,-3.3974279997717667,5929.939572947675
3.728,-3.7108929287823518,5928.082183663888
3.732,-3.6119447909860463,5926.717160939227
3.736,-3.7637466192992535,5924.096731242716
3.74,-4.230760046391226,5926.510587799261
3.744,-3.0652483382258144,5922.771469457797
3.748,-3.4419016295060527,5924.424560900913
3.7520000000000002,-3.639525747078806,5920.214260516526
3.7560000000000002,-3.8480564099834744,5920.874347746805
3.7600000000000002,-3.996027925521754,5920.592752838829
3.7640000000000002,-3.410785509202901,5923.152673427385
3.7680000000000002,-3.4142510938730495,5925.234066523016
3.7720000000000002,-3.689126711919946,5921.988615428515
3.7760000000000002,-4.227805085103923,5924.403380330406
3.7800000000000002,-3.895216252139984,5929.753562002697
3.7840000000000003,-3.463033901349516,5915.5212486254195
3.7880000000000003,-3.2726896413904907,5922.967775780671
3.7920000000000003,-4.180928125618099,5922.586193080639
3.7960000000000003,-4.276012756531369,5929.577957119662
3.8000000000000003,-3.9474514370275844,5920.860411841154
3.8040000000000003,-3.2595513522195048,5923.811658766371
3.8080000000000003,-3.526640824199121,5923.321132023498
3.8120000000000003,-4.145912647679712,5923.692062325623
3.8160000000000003,-4.094348191301965,5928.5526786410155
3.8200000000000003,-3.5497314015371355,5923.9964912998785
3.8240000000000003,-3.05053593163593,5921.033231786776
3.8280000000000003,-3.2054768101283364,5924.478812132042
3.8320000000000003,-4.282361214091402,5921.1559683451305
3.8360000000000003,-3.9179958068497815,5924.310147237368
3.84,-3.380303180815249,5922.735798756955
3.844,-3.10653783227214,5929.174401220514
3.848,-3.354689639302025,5929.292338587333
3.852,-4.170256725828571,5928.221901545936
3.856,-3.997017361785041,5926.067302314893
3.86,-3.6025959964599963,5933.592144087769
3.864,-3.139093454557516,5932.287498267607
3.868,-3.3639179228540996,5932.602886640336
3.872,-4.17076222331677,5920.8185727040145
3.876,-4.03701092698865,5925.332967812344
3.88,-3.681652298627794,5925.187769662194
3.884,-3.400428455686252,5927.9720748504305
3.888,-3.180846350842403,5925.882018316283
3.892,-3.6310643550119663,5932.692453476364
3.896,-4.250811974901751,5933.020078457297
3.9,-3.626425424968608,5921.768382920925
3.904,-3.4389693493473024,5923.112971333075
3.908,-3.4694511860906694,5923.169520594804
3.912,-4.016311153639212,5925.735575395985
3.916,-4.540402482401743,5920.427160513772
3.92,-4.084589886622285,5925.922971944739
3.924,-3.1737425993931456,5918.309166319039
3.928,-2.8733290007723147,5924.174392475678
3.932,-3.458700312194136,5928.013431760239
3.936,-4.423365408717624,5928.15863247707
3.94,-3.903379731012472,5923.140767479127
3.944,-3.4987559713160064,5924.356564636177
3.948,-3.213282015132692,5925.911758397507
3.952,-4.094326795855814,5935.806380753243
3.956,-4.052226910794444,5922.152117808808
3.96,-3.4862976755804302,5930.048557610517
3.964,-3.2406182642022676,5932.859846847802
3.968,-3.5066108945924315,5922.56859908525
3.972,-3.9920204015096017,5922.786443899257
3.976,-4.279375860152852,5923.547360822329
3.98,-3.2913935302109723,5932.493246711172
3.984,-3.56884347458787,5935.914283015977
3.988,-3.2436861994111696,5927.886247426893
3.992,-4.4621027777088225,5920.751035508768
3.996,-4.114199548980664,5926.530573626461
4.0,-3.8529738953110755,5922.957034705181
4.0040000000000004,-3.0407954541856625,5923.243635014154
4.008,-3.699363302150882,5927.223313085454
4.0120000000000005,-4.0595775331578405,5928.043038262755
4.016,-4.450016041448975,5926.58760550216
4.0200000000000005,-3.7255543354468816,5926.659624644713
4.024,-3.2872692848487066,5928.0856700672475
4.0280000000000005,-3.393613993038791,5919.976606811548
4.032,-3.7167904283172684,5929.418482728467
4.0360000000000005,-4.11757266392825,5924.896997031982
4.04,-3.859133757524026,5938.1430394289155
4.0440000000000005,-3.1361657049220417,5927.928065994434
4.048,-3.401909443299564,5922.991789839904
4.0520000000000005,-3.9615230434381794,5932.715736720417
4.056,-4.1844244628458735,5924.7287199933335
4.0600000000000005,-3.7583439010380895,5927.781505997191
4.064,-3.2786438967833913,5923.435101808514
4.0680000000000005,-3.179867147162641,5932.964223638492
4.072,-3.8549607106132706,5918.834421403454
4.0760000000000005,-4.133458289629095,5925.007422150028
4.08,-3.1748559260719897,5937.496579365277
4.0840000000000005,-3.216550015300646,5929.380880297653
4.088,-3.241237393215874,5929.118590140951
4.0920000000000005,-4.099362815807616,5930.418578167874
4.096,-4.035960448537504,5912.164264244958
4.1,-3.553409781501437,5927.322412177247
4.104,-2.9934384240961878,5918.5591072128245
4.108,-3.5453896174247923,5923.965512354902
4.112,-4.0071134440518374,5930.12101326553
4.116,-4.134695995730086,5935.05960551312
4.12,-3.6553229174680077,5925.598675134141
4.124,-3.260456996792271,5932.699641376884
4.128,-3.841649426061943,5919.7162785276805
4.132,-4.2273251435888595,5924.809194567713
4.136,-4.415029465244193,5922.024709254758
4.14,-3.6899558621737185,5930.7047042847435
4.144,-3.440884016402588,5924.830561113079
4.148,-3.3094398124293196,5916.97126132649
4.152,-4.158203358071284,5933.057725514083
4.156,-3.892309804345037,5921.315451637939
4.16,-3.583175812082045,5919.6746296657375
4.164,-3.0928540577008343,5931.171350932414
4.168,-3.254341803257697,5933.650176975559
4.172,-4.025951699681161,5921.130883945614
4.176,-3.8846562487719423,5924.198239494186
4.18,-3.5132764062416095,5919.204194839116
4.184,-2.8800396815107128,5933.611525565412
4.188,-3.382465443903448,5917.975582468992
4.192,-4.126523451932315,5921.731899828088
4.196,-4.206414163614984,5929.437262558122
4.2,-3.8154871521547515,5925.87463443105
4.204,-3.31664538429761,5924.316786757586
4.208,-3.3402266127492375,5932.029019215868
4.212,-4.026903843508919,5929.648507127492
4.216,-4.515631576671429,5918.1115396113155
4.22,-3.6810003306478194,5937.717205508969
4.224,-3.301952615748892,5920.254330844031
4.228,-3.7203127239777105,5932.418306122816
4.232,-4.470935091981564,5928.2846302963335
4.236,-4.138333505434866,5930.070132914185
4.24,-3.669179059809223,5920.890654901569
4.244,-3.4634651109154415,5939.337013806992
4.248,-3.486824629459266,5927.600835640166
4.252,-4.2206592996317145,5937.216146838689
4.256,-4.166387101629406,5923.218170477268
4.26,-3.453419280510042,5927.339910180441
4.264,-3.108299327368403,5927.666635148665
4.268,-3.2068321056148767,5928.932470550638
4.272,-3.814193768151161,5923.000040718492
4.276,-4.214161992107612,5930.344939883903
4.28,-3.571368804781268,5921.941208852486
4.284,-3.1453148914880704,5931.099559090952
4.288,-3.197319138632584,5935.758219909982
4.292,-3.9479397436459327,5929.034457795748
4.296,-4.128389219018386,5925.68056875662
4.3,-3.6750888584220145,5932.155774591078
4.304,-3.5510505388659444,5931.952409706655
4.308,-3.6101767883878138,5932.489709466105
4.312,-4.321726105747561,5932.20068719297
4.316,-4.008391995478351,5934.570147631294
4.32,-3.6010073745125775,5925.688925964574
4.324,-2.7004638366031335,5929.591499774747
4.328,-3.5128477043192197,5927.176163218674
4.332,-3.6693733589551005,5932.005613779376
4.336,-4.364775870322946,5930.084175628021
4.34,-3.8151149142837237,5922.13220691277
4.344,-3.4959430164667173,5919.624438581837
4.348,-3.2379584566385557,5924.917132442784
4.352,-3.8093616841777918,5932.12244944999
4.356,-4.429791387292915,5928.87951751682
4.36,-3.925195861209122,5927.697791299013
4.364,-2.880228484845451,5927.918897954509
4.368,-3.2242094691555563,5922.935798296446
4.372,-4.072466353266298,5933.895875115644
4.376,-4.243410156656865,5933.829369289699
4.38,-3.3830728993644374,5933.368219191668
4.384,-3.1793901626617522,5923.2833848630935
4.388,-3.3274131082309593,5929.8026154904455
4.392,-4.197462271411557,5935.5731657825145
4.396,-4.161843620746536,5917.7485744529195
4.4,-3.464288920235262,5932.896590720992
4.404,-3.289406425983054,5930.707557353476
4.408,-3.240014436492646,5926.4717332094215
4.412,-3.841635653521704,5936.026113978874
4.416,-3.8665496292443935,5922.469714905939
4.42,-3.4967743222019187,5926.730598878813
4.424,-3.315318863351478,5927.942004394578
4.428,-3.5170698963512814,5931.714624591287
4.432,-4.002470800424695,5922.231581267135
4.436,-4.189591310829064,5930.338209785616
4.44,-3.9022761138723974,5932.65995579669
4.444,-3.102298670108861,5936.508896866462
4.448,-3.3439600909149902,5919.930993610878
4.452,-3.765657545397441,5936.244313002589
4.456,-4.036595907773641,5928.231163383968
4.46,-3.390348425083673,5942.01919697225
4.464,-3.210243114036545,5929.7336758172005
4.468,-3.4111249258107224,5933.892741179793
4.472,-3.9285433977699054,5928.68652643551
4.476,-4.018017499649545,5927.00518297266
4.48,-3.685648326836863,5940.228950982957
4.484,-3.2404371717761107,5935.817046820435
4.488,-3.2811116350989105,5928.677682678707
4.492,-3.9321466047105167,5933.648131912994
4.496,-4.293749735736094,5929.013682706145
4.5,-3.805178682052388,5935.154817012107
4.5040000000000004,-3.163146818457779,5926.973817630633
4.508,-3.718435652136475,5927.736782344472
4.5120000000000005,-3.8083620354631806,5936.616896421647
4.516,-4.435939292299451,5939.255476273834
4.5200000000000005,-3.4722486827527295,5920.115872609642
4.524,-2.930448864402698,5927.31218761348
4.5280000000000005,-3.5670869809492727,5935.34104611994
4.532,-3.4753509005777827,5928.018173614879
4.5360000000000005,-4.511430597080013,5925.105289305043
4.54,-3.8289931028541284,5927.762356278706
4.5440000000000005,-2.9185973385056245,5934.8909383127
4.548,-3.4238753315685377,5927.480129307776
4.5520000000000005,-4.254432297525146,5935.050585633348
4.556,-4.014309871254847,5929.104344693591
4.5600000000000005,-3.8169249509458885,5927.227510054052
4.564,-3.4070588989352926,5928.492105676442
4.5680000000000005,-3.319649173618767,5927.48506056783
4.572,-4.175680677702424,5940.141231024383
4.5760000000000005,-3.7885756347694195,5933.50333279615
4.58,-4.114849405442225,5929.54790911814
4.5840000000000005,-3.133174719861417,5923.924961972092
4.588,-3.445104592378967,5932.751002350697
4.5920000000000005,-3.9061057597554028,5928.521704109516
4.596,-4.409871437343645,5938.002113255842
4.6000000000000005,-3.9671025804951796,5936.3830580124295
4.604,-3.109650904709018,5928.478084801345
4.6080000000000005,-3.528787977860955,5933.007298986851
4.612,-3.459244323141663,5925.733793982039
4.616,-4.484392664077893,5929.1107248647095
4.62,-4.056645425318019,5930.1022232448595
4.624,-3.4884303081089554,5929.305799397212
4.628,-3.8302705977780316,5921.1619911594635
4.632,-4.129899061293561,5926.461211257798
4.636,-4.291939529690212,5931.947361050304
4.64,-3.3828322537784103,5928.368602870691
4.644,-2.9595954665716597,5936.866755542424
4.648,-3.484557734007761,5923.221565364141
4.652,-4.15039892144895,5936.8392577225095
4.656,-4.144303781834305,5928.520287095774
4.66,-3.4534655577246274,5922.796424927203
4.664,-3.35050995065055,5930.980126902867
4.668,-3.5748707926401866,5928.323249891259
4.672,-3.6949688627093336,5933.307591996064
4.676,-4.107913840452854,5934.80941145855
4.68,-3.710518525468747,5930.049138883155
4.684,-3.2725637509541037,5934.709082573773
4.688,-3.235527546262057,5932.438800096046
4.692,-4.058628323296666,5930.5354048851
4.696,-4.100091141575087,5938.300234764976
4.7,-3.7509451877399593,5920.545893152803
4.704,-3.1176638404586754,5925.733609391178
4.708,-3.7488121298664145,5935.8070096340925
4.712,-3.705866891335031,5930.134797631578
4.716,-4.354280035800881,5930.19873447044
4.72,-3.6128663235456275,5933.205030373
4.724,-3.36975510250395,5927.227520647818
4.728,-3.547370175683486,5933.401464162294
4.732,-4.028340618380464,5942.660368289642
4.736,-4.034964183689447,5935.104363467001
4.74,-3.432923406065048,5939.476301272721
4.744,-3.126713924013179,5939.191015781367
4.748,-3.1230716070060236,5926.137268117817
4.752,-3.752678522997046,5932.653144171521
4.756,-3.8208730273104043,5929.990853754835
4.76,-3.716493129610538,5934.992688925068
4.764,-3.109307653023759,5941.549630219601
4.768,-3.150453475713172,5934.11849671613
4.772,-3.7824219298345216,5935.315349688766
4.776,-4.07494120116465,5924.348940517688
4.78,-3.772232560974939,5928.007709187868
4.784,-3.0271572644625477,5927.026930101595
4.788,-3.3396658965925763,5926.396664164528
4.792,-4.152215374401592,5927.316440671733
4.796,-3.8885331091867794,5937.991396652633
4.8,-4.064327505333713,5930.699015370226
4.804,-3.4523120710325754,5935.047679973596
4.808,-3.4126961496967656,5932.212175865307
4.812,-3.6895033227581093,5935.946754479338
4.816,-4.236822889790266,5933.481771972491
4.82,-3.4448599158296394,5937.714120596557
4.824,-3.3397854061739114,5933.291498389087
4.828,-3.5774302961474365,5932.197097707031
4.832,-3.9965698501374063,5928.789683904745
4.836,-3.939438587734708,5925.279156002906
4.84,-3.762218170251593,5936.683503382233
4.844,-3.2422723633230834,5937.023321426359
4.848,-3.3037083861740495,5936.727389526626
4.852,-3.850955965737886,5927.693825807652
4.856,-4.194336704225741,5933.784042325916
4.86,-3.469924850562766,5939.60260713031
4.864,-3.519377436530567,5937.6408626622115
4.868,-3.25287266924308,5935.671994370016
4.872,-3.860448524185217,5935.537842439399
4.876,-4.057966462691665,5928.6098833508395
4.88,-3.6717806122438716,5937.2404428274685
4.884,-2.8552292637573418,5925.223226118461
4.888,-3.44594809743851,5938.980951379072
4.892,-4.311356712682981,5934.293262724556
4.896,-4.318121020829771,5940.290657265558
4.9,-3.3400951278316886,5926.738764013783
4.904,-3.1888894310576723,5928.412318142589
4.908,-3.307606929881289,5939.971113862309
4.912,-4.099293161656606,5928.644504300283
4.916,-4.16529513801816,5936.683575253766
4.92,-3.7118396635041604,5940.199622013411
4.924,-3.058373775115344,5936.800358789353
4.928,-3.4601173879382463,5937.7319485577955
4.932,-3.975718770655953,5934.323495615962
4.936,-4.132954283087485,5937.655815928938
4.94,-3.7086795036547517,5932.999829091264
4.944,-3.2282818357426297,5932.899922034785
4.948,-3.577812363268308,5932.186495805403
4.952,-3.970329630433965,5946.692114665292
4.956,-4.19173625320962,5934.001142890612
4.96,-3.683712707000039,5931.587008093288
4.964,-3.1046355160837438,5932.963876700767
4.968,-3.167721773231748,5931.951080483248
4.972,-4.316912307283918,5932.616768219441
4.976,-4.1521777755619595,5938.476529130241
4.98,-3.5372131124127844,5938.512175151246
4.984,-3.160904717228937,5934.282910314351
4.988,-3.3658837523708183,5926.735182136465
4.992,-4.04486145424263,5941.759702797538
4.996,-4.520011779158622,5941.897867730674
